0 0.139692 0.706960 0.094910 0.057143
0 0.184511 0.641026 0.075577 0.057143
0 0.264482 0.273993 0.056243 0.087912
0 0.221421 0.173993 0.058001 0.076923
0 0.255694 0.043223 0.052728 0.074725
0 0.560637 0.087179 0.075577 0.048352
0 0.659063 0.081685 0.079092 0.054945
0 0.758367 0.311355 0.094910 0.065934
0 0.403332 0.409158 0.066789 0.063736
0 0.383120 0.572894 0.082607 0.052747
0 0.698609 0.438828 0.080850 0.070330
0 0.891066 0.461905 0.036910 0.085714
0 0.878763 0.571795 0.040425 0.085714
0 0.856793 0.837729 0.038667 0.094505
0 0.866459 0.663004 0.043940 0.074725
0 0.939400 0.635531 0.038667 0.090110
0 0.893702 0.688278 0.035152 0.081319
0 0.542182 0.825641 0.052728 0.065934
0 0.593153 0.880586 0.056243 0.096703
0 0.637093 0.931136 0.052728 0.083516
0 0.695094 0.969963 0.077334 0.060073
0 0.969700 0.980952 0.060600 0.038095
0 0.079934 0.034432 0.059758 0.039560
0 0.180117 0.975458 0.070304 0.049084
0 0.159026 0.137363 0.049213 0.050549
0 0.210875 0.297802 0.040425 0.063736