0 0.176602 0.972161 0.066789 0.055678
0 0.119480 0.665201 0.072062 0.061538
0 0.168693 0.693773 0.068546 0.070330
0 0.261845 0.271795 0.061516 0.087912
0 0.216148 0.168498 0.054486 0.079121
0 0.074661 0.031136 0.077334 0.046154
0 0.252179 0.034799 0.056243 0.069597
0 0.552728 0.082784 0.077334 0.057143
0 0.656426 0.078388 0.066789 0.048352
0 0.394544 0.402564 0.056243 0.054945
0 0.381362 0.570696 0.068546 0.052747
0 0.704760 0.331136 0.072062 0.070330
0 0.751337 0.399267 0.066789 0.065934
0 0.891945 0.457509 0.042182 0.090110
0 0.542182 0.824542 0.059758 0.081319
0 0.595789 0.882784 0.050970 0.092308
0 0.638850 0.931136 0.052728 0.092308
0 0.694215 0.969963 0.072062 0.060073
0 0.850641 0.837729 0.036910 0.098901
0 0.877005 0.564103 0.040425 0.087912
0 0.869096 0.663004 0.042182 0.083516
0 0.902490 0.686081 0.035152 0.090110
0 0.938521 0.627839 0.050970 0.101099
0 0.972336 0.979853 0.055327 0.040293
0 0.156389 0.130769 0.047455 0.054945
0 0.211754 0.291209 0.045698 0.059341