0 0.064994 0.028938 0.068546 0.054945
0 0.061479 0.695971 0.079092 0.061538
0 0.211754 0.171795 0.056243 0.076923
0 0.247785 0.038828 0.058001 0.074725
0 0.264482 0.269597 0.063274 0.079121
0 0.553607 0.081685 0.086122 0.050549
0 0.652911 0.076190 0.070304 0.043956
0 0.388392 0.403663 0.072062 0.057143
0 0.381362 0.570696 0.061516 0.057143
0 0.656426 0.359707 0.073819 0.083516
0 0.805822 0.361905 0.066789 0.079121
0 0.890187 0.461905 0.045698 0.094505
0 0.946430 0.431136 0.000000 0.002198
0 0.871732 0.564103 0.040425 0.083516
0 0.867338 0.658608 0.038667 0.083516
0 0.900733 0.678388 0.035152 0.079121
0 0.935885 0.627839 0.042182 0.083516
0 0.173087 0.969963 0.056243 0.060073
0 0.537788 0.822344 0.050970 0.072527
0 0.586122 0.880586 0.045698 0.105495
0 0.634456 0.930037 0.061516 0.107692
0 0.688063 0.968498 0.080850 0.061538
0 0.971457 0.977656 0.057085 0.044688
0 0.846247 0.834432 0.049213 0.101099
0 0.189784 0.680586 0.058001 0.065934
0 0.913036 0.811355 0.024606 0.090110
0 0.150238 0.130769 0.042182 0.054945
0 0.209117 0.289011 0.047455 0.050549