0 0.063237 0.030037 0.082607 0.039560
0 0.244269 0.037729 0.061516 0.072527
0 0.209996 0.166300 0.052728 0.074725
0 0.259209 0.270696 0.052728 0.076923
0 0.549213 0.082784 0.080850 0.039560
0 0.652911 0.080586 0.073819 0.052747
0 0.860308 0.326740 0.073819 0.061538
0 0.607214 0.383883 0.073819 0.070330
0 0.376968 0.401465 0.063274 0.070330
0 0.381362 0.572894 0.058001 0.061538
0 0.217027 0.661905 0.059758 0.072527
0 0.039509 0.787179 0.070304 0.063736
0 0.017997 0.704762 0.035994 0.052747
0 0.884914 0.456410 0.042182 0.079121
0 0.871732 0.567399 0.033394 0.081319
0 0.933248 0.627839 0.043940 0.083516
0 0.894581 0.673993 0.036910 0.087912
0 0.861187 0.671795 0.040425 0.092308
0 0.846247 0.826740 0.045698 0.090110
0 0.969279 0.980952 0.059758 0.038095
0 0.178359 0.973260 0.066789 0.053480
0 0.536910 0.824542 0.056243 0.076923
0 0.577334 0.877289 0.049213 0.103297
0 0.626547 0.920147 0.056243 0.096703
0 0.685427 0.968498 0.061516 0.061538
0 0.908642 0.802564 0.022849 0.076923
0 0.150238 0.130769 0.045698 0.054945
0 0.207360 0.283516 0.043940 0.057143