0 0.064994 0.029304 0.072062 0.058608
0 0.244269 0.039927 0.058001 0.068132
0 0.211754 0.164103 0.063274 0.087912
0 0.254815 0.268498 0.065031 0.081319
0 0.236360 0.647619 0.056243 0.061538
0 0.104540 0.756410 0.080850 0.059341
0 0.374332 0.401465 0.075577 0.061538
0 0.550092 0.081685 0.075577 0.054945
0 0.652032 0.076190 0.082607 0.061538
0 0.557122 0.414652 0.072062 0.061538
0 0.376968 0.576190 0.056243 0.063736
0 0.918309 0.290476 0.066789 0.059341
0 0.884914 0.457509 0.042182 0.085714
0 0.872611 0.568498 0.035152 0.079121
0 0.931491 0.627839 0.033394 0.092308
0 0.895460 0.672894 0.038667 0.085714
0 0.862065 0.667399 0.035152 0.105495
0 0.843611 0.834432 0.036910 0.101099
0 0.176602 0.968498 0.077334 0.052747
0 0.539546 0.816850 0.061516 0.083516
0 0.585244 0.867399 0.058001 0.079121
0 0.629184 0.926740 0.061516 0.101099
0 0.685427 0.964103 0.058001 0.065934
0 0.968821 0.979853 0.062358 0.040293
0 0.915672 0.808059 0.029879 0.092308
0 0.148824 0.129121 0.037349 0.046703
0 0.204298 0.289148 0.042841 0.050824