0 0.159905 0.737729 0.072062 0.065934
0 0.253936 0.641026 0.063274 0.057143
0 0.250421 0.272894 0.063274 0.090110
0 0.209996 0.171795 0.052728 0.076923
0 0.243391 0.038828 0.059758 0.065934
0 0.057964 0.030037 0.072062 0.039560
0 0.543940 0.081685 0.073819 0.054945
0 0.648517 0.080586 0.072062 0.061538
0 0.969279 0.264103 0.059758 0.054945
0 0.502636 0.445421 0.079092 0.070330
0 0.358513 0.399267 0.065031 0.065934
0 0.374332 0.572894 0.065031 0.061538
0 0.534273 0.825641 0.068546 0.074725
0 0.170450 0.977656 0.068546 0.044688
0 0.878763 0.454212 0.036910 0.087912
0 0.867338 0.571795 0.028122 0.085714
0 0.858550 0.663004 0.035152 0.074725
0 0.891945 0.670696 0.038667 0.081319
0 0.925339 0.634432 0.042182 0.096703
0 0.837459 0.842125 0.038667 0.081319
0 0.906005 0.809158 0.028122 0.076923
0 0.965306 0.983150 0.069388 0.033700
0 0.141450 0.134066 0.042182 0.057143
0 0.684548 0.965934 0.066789 0.068132
0 0.626547 0.921978 0.059758 0.085714
0 0.578213 0.881319 0.065031 0.083516
0 0.201208 0.278022 0.049213 0.054945