0 0.063237 0.032967 0.065031 0.052747
0 0.240754 0.037363 0.047455 0.070330
0 0.211754 0.165934 0.049213 0.076923
0 0.257451 0.267033 0.045698 0.085714
0 0.353240 0.384615 0.050970 0.057143
0 0.548334 0.084615 0.068546 0.046154
0 0.646760 0.074725 0.065031 0.043956
0 0.976309 0.195604 0.045698 0.043956
0 0.880520 0.457143 0.036910 0.074725
0 0.146723 0.129670 0.045698 0.057143
0 0.202087 0.281319 0.040425 0.061538
0 0.269755 0.629670 0.059758 0.059341
0 0.222299 0.701099 0.056243 0.057143
0 0.377847 0.567033 0.065031 0.052747
0 0.454302 0.470330 0.070304 0.070330
0 0.869975 0.561538 0.040425 0.081319
0 0.930612 0.625275 0.042182 0.094505
0 0.894581 0.668132 0.033394 0.092308
0 0.864702 0.650549 0.047455 0.070330
0 0.533394 0.821978 0.052728 0.087912
0 0.581728 0.872527 0.050970 0.092308
0 0.630941 0.928571 0.058001 0.098901
0 0.684548 0.962637 0.063274 0.061538
0 0.965764 0.981319 0.066789 0.037362
0 0.840974 0.837363 0.042182 0.079121
0 0.910399 0.803297 0.040425 0.085714
0 0.172208 0.975824 0.065031 0.048352