0 0.057085 0.029670 0.073819 0.041758
0 0.243391 0.038462 0.042182 0.072527
0 0.543940 0.080220 0.073819 0.050549
0 0.645881 0.075824 0.066789 0.046154
0 0.918309 0.217582 0.073819 0.057143
0 0.879641 0.453846 0.035152 0.085714
0 0.143207 0.120879 0.045698 0.065934
0 0.206481 0.164835 0.049213 0.083516
0 0.256573 0.268132 0.050970 0.087912
0 0.202966 0.287912 0.045698 0.065934
0 0.333907 0.364835 0.058001 0.079121
0 0.405090 0.497802 0.077334 0.072527
0 0.374332 0.571429 0.061516 0.065934
0 0.281179 0.620879 0.054486 0.054945
0 0.277664 0.679121 0.068546 0.065934
0 0.016239 0.805495 0.032478 0.059341
0 0.167814 0.972527 0.059758 0.054945
0 0.862065 0.565934 0.035152 0.072527
0 0.858550 0.661538 0.042182 0.083516
0 0.893702 0.669231 0.042182 0.068132
0 0.928854 0.628571 0.042182 0.096703
0 0.909521 0.803297 0.035152 0.081319
0 0.839217 0.834066 0.042182 0.076923
0 0.683669 0.963736 0.068546 0.063736
0 0.626547 0.918681 0.056243 0.061538
0 0.584365 0.871429 0.056243 0.076923
0 0.534273 0.827473 0.058001 0.090110
0 0.970579 0.979121 0.058842 0.041758