0 0.057085 0.026374 0.077334 0.052747
0 0.144086 0.124176 0.050970 0.059341
0 0.209996 0.160440 0.045698 0.083516
0 0.244269 0.035165 0.040425 0.070330
0 0.547455 0.082418 0.066789 0.054945
0 0.649396 0.075824 0.066789 0.046154
0 0.199451 0.289011 0.038667 0.068132
0 0.254815 0.269231 0.061516 0.072527
0 0.328634 0.346154 0.047455 0.076923
0 0.863823 0.240659 0.059758 0.068132
0 0.348846 0.523077 0.070304 0.061538
0 0.369059 0.571429 0.058001 0.061538
0 0.286452 0.616484 0.058001 0.059341
0 0.336543 0.641758 0.059758 0.061538
0 0.047418 0.782418 0.072062 0.061538
0 0.169571 0.972527 0.063274 0.054945
0 0.879641 0.454945 0.042182 0.092308
0 0.865581 0.563736 0.035152 0.081319
0 0.858550 0.659341 0.042182 0.070330
0 0.890187 0.663736 0.042182 0.087912
0 0.923581 0.628571 0.038667 0.096703
0 0.906884 0.802198 0.033394 0.083516
0 0.840095 0.831868 0.043940 0.076923
0 0.681912 0.970330 0.058001 0.059340
0 0.629184 0.923077 0.061516 0.087912
0 0.579971 0.869231 0.058001 0.076923
0 0.536031 0.826374 0.068546 0.083516
0 0.966185 0.979121 0.067630 0.041758