0 0.057964 0.026374 0.068546 0.052747
0 0.245148 0.041758 0.052728 0.074725
0 0.550970 0.083516 0.073819 0.052747
0 0.648517 0.076923 0.065031 0.057143
0 0.141450 0.128571 0.042182 0.059341
0 0.208239 0.168132 0.052728 0.076923
0 0.251300 0.265934 0.040425 0.083516
0 0.316331 0.319780 0.047455 0.072527
0 0.806701 0.273626 0.061516 0.054945
0 0.294361 0.562637 0.045698 0.074725
0 0.371695 0.563736 0.059758 0.054945
0 0.395423 0.607692 0.068546 0.054945
0 0.297876 0.612088 0.056243 0.050549
0 0.109813 0.761538 0.070304 0.050549
0 0.166935 0.973626 0.058001 0.039560
0 0.531637 0.814286 0.063274 0.076923
0 0.878763 0.457143 0.040425 0.087912
0 0.865581 0.567033 0.035152 0.087912
0 0.927975 0.628571 0.029879 0.096703
0 0.894581 0.662637 0.036910 0.107692
0 0.860308 0.663736 0.045698 0.096703
0 0.840095 0.836264 0.036910 0.094505
0 0.913036 0.801099 0.038667 0.094505
0 0.967063 0.982418 0.065873 0.035164
0 0.579092 0.871429 0.052728 0.094505
0 0.630062 0.929670 0.059758 0.083516
0 0.686306 0.962637 0.066789 0.061538