0 0.646760 0.081319 0.065031 0.061538
0 0.539546 0.079121 0.065031 0.052747
0 0.239875 0.038462 0.056243 0.072527
0 0.057085 0.032967 0.077334 0.048352
0 0.143207 0.120879 0.028122 0.092308
0 0.204723 0.163736 0.056243 0.085714
0 0.199451 0.292308 0.038667 0.065934
0 0.247785 0.271429 0.050970 0.081319
0 0.301391 0.279121 0.042182 0.083516
0 0.745185 0.308791 0.054486 0.068132
0 0.870853 0.456044 0.038667 0.081319
0 0.860308 0.567033 0.031637 0.087912
0 0.926218 0.631868 0.033394 0.085714
0 0.889308 0.661538 0.033394 0.092308
0 0.855914 0.658242 0.043940 0.085714
0 0.905127 0.804396 0.029879 0.074725
0 0.835701 0.832967 0.056243 0.074725
0 0.968400 0.553846 0.033394 0.035165
0 0.987276 0.486813 0.025448 0.041758
0 0.244269 0.587912 0.061516 0.068132
0 0.296119 0.612088 0.056243 0.081319
0 0.366422 0.575824 0.059758 0.057143
0 0.448151 0.580220 0.061516 0.083516
0 0.159026 0.739560 0.073819 0.068132
0 0.528122 0.819780 0.063274 0.083516
0 0.577334 0.878022 0.056243 0.085714
0 0.620396 0.920879 0.061516 0.065934
0 0.678396 0.969231 0.065031 0.052747
0 0.966185 0.981319 0.067630 0.037362
0 0.170450 0.973626 0.072062 0.052747