0 0.058843 0.029670 0.077334 0.054945
0 0.237239 0.037363 0.068546 0.057143
0 0.139692 0.128571 0.038667 0.059341
0 0.207360 0.170330 0.047455 0.072527
0 0.251300 0.268132 0.054486 0.079121
0 0.287331 0.252747 0.045698 0.083516
0 0.195935 0.284615 0.045698 0.059341
0 0.196814 0.600000 0.079092 0.057143
0 0.302270 0.602198 0.072062 0.052747
0 0.371695 0.565934 0.059758 0.054945
0 0.509667 0.540659 0.058001 0.070330
0 0.691578 0.334066 0.063274 0.057143
0 0.547455 0.083516 0.066789 0.043956
0 0.647638 0.078022 0.066789 0.063736
0 0.877884 0.454945 0.031637 0.074725
0 0.864702 0.564835 0.033394 0.083516
0 0.927975 0.619780 0.050970 0.079121
0 0.910399 0.801099 0.040425 0.081319
0 0.855914 0.661538 0.036910 0.074725
0 0.888429 0.659341 0.038667 0.087912
0 0.215269 0.705495 0.070304 0.057143
0 0.530758 0.820879 0.058001 0.068132
0 0.578213 0.869231 0.058001 0.085714
0 0.624790 0.925275 0.059758 0.083516
0 0.678396 0.963736 0.065031 0.068132
0 0.833944 0.831868 0.035152 0.085714
0 0.967942 0.978022 0.064115 0.043956
0 0.975851 0.549451 0.048297 0.043956
0 0.986397 0.478022 0.027206 0.037363
0 0.168693 0.970330 0.065031 0.059340