0 0.058843 0.030769 0.059758 0.043956
0 0.205602 0.164835 0.047455 0.074725
0 0.139692 0.132967 0.045698 0.054945
0 0.234603 0.040659 0.052728 0.072527
0 0.271512 0.210989 0.045698 0.070330
0 0.253057 0.268132 0.047455 0.079121
0 0.197693 0.284615 0.052728 0.054945
0 0.138813 0.636264 0.068546 0.068132
0 0.369059 0.574725 0.054486 0.068132
0 0.300512 0.605495 0.058001 0.059341
0 0.274149 0.681319 0.065031 0.065934
0 0.166935 0.971429 0.065031 0.052747
0 0.528122 0.817582 0.059758 0.079121
0 0.579092 0.873626 0.052728 0.090110
0 0.624790 0.927473 0.059758 0.079121
0 0.672245 0.967033 0.070304 0.061538
0 0.543940 0.079121 0.066789 0.048352
0 0.639729 0.074725 0.058001 0.052747
0 0.626547 0.361538 0.056243 0.068132
0 0.565910 0.503297 0.061516 0.070330
0 0.877005 0.454945 0.040425 0.092308
0 0.861187 0.567033 0.043940 0.079121
0 0.924460 0.626374 0.043940 0.083516
0 0.895460 0.652747 0.042182 0.083516
0 0.852399 0.659341 0.047455 0.083516
0 0.834823 0.837363 0.040425 0.074725
0 0.904248 0.805495 0.042182 0.085714
0 0.967521 0.551648 0.042182 0.057143
0 0.981124 0.471429 0.037751 0.046154
0 0.960491 0.976923 0.070304 0.046154