0 0.050933 0.029670 0.072062 0.050549
0 0.236360 0.036264 0.063274 0.059341
0 0.542182 0.076923 0.073819 0.039560
0 0.638850 0.079121 0.056243 0.061538
0 0.133541 0.121978 0.058001 0.068132
0 0.200329 0.162637 0.043940 0.087912
0 0.253936 0.165934 0.035152 0.081319
0 0.246027 0.264835 0.054486 0.076923
0 0.197693 0.285714 0.042182 0.061538
0 0.088722 0.660440 0.077334 0.068132
0 0.368180 0.569231 0.066789 0.061538
0 0.297876 0.606593 0.056243 0.061538
0 0.325998 0.647253 0.063274 0.059341
0 0.569425 0.393407 0.061516 0.057143
0 0.623911 0.460440 0.065031 0.072527
0 0.877005 0.463736 0.040425 0.101099
0 0.859429 0.572527 0.040425 0.076923
0 0.925339 0.623077 0.042182 0.094505
0 0.890187 0.648352 0.049213 0.092308
0 0.855035 0.662637 0.042182 0.072527
0 0.833065 0.831868 0.033394 0.094505
0 0.904248 0.800000 0.042182 0.096703
0 0.951703 0.983516 0.059758 0.032967
0 0.969279 0.553846 0.052728 0.043956
0 0.987276 0.483516 0.025448 0.039560
0 0.524606 0.815385 0.052728 0.074725
0 0.578213 0.870330 0.050970 0.092308
0 0.622153 0.929670 0.054486 0.083516
0 0.677518 0.961538 0.052728 0.063736
0 0.164299 0.971429 0.073819 0.043956