0 0.055327 0.029670 0.073819 0.046154
0 0.234603 0.040659 0.059758 0.072527
0 0.246906 0.120879 0.049213 0.079121
0 0.199451 0.167033 0.066789 0.079121
0 0.241633 0.270330 0.066789 0.092308
0 0.544819 0.082418 0.079092 0.050549
0 0.643244 0.073626 0.086122 0.054945
0 0.520212 0.427473 0.072062 0.059341
0 0.679275 0.426374 0.063274 0.065934
0 0.876126 0.453846 0.042182 0.068132
0 0.368180 0.567033 0.059758 0.057143
0 0.378726 0.617582 0.059758 0.057143
0 0.301391 0.605495 0.056243 0.068132
0 0.032937 0.686813 0.065873 0.072527
0 0.855914 0.565934 0.040425 0.072527
0 0.975431 0.550549 0.047455 0.046154
0 0.983761 0.482418 0.032478 0.041758
0 0.922703 0.627473 0.033394 0.085714
0 0.891945 0.640659 0.045698 0.085714
0 0.852399 0.658242 0.047455 0.094505
0 0.837459 0.845055 0.035152 0.090110
0 0.899854 0.802198 0.033394 0.083516
0 0.960491 0.982418 0.063274 0.035164
0 0.160783 0.973626 0.066789 0.052747
0 0.527243 0.816484 0.050970 0.081319
0 0.572940 0.872527 0.054486 0.087912
0 0.666093 0.962637 0.061516 0.070330
0 0.623911 0.918681 0.065031 0.052747