0 0.048297 0.026374 0.070304 0.035165
0 0.243391 0.039560 0.059758 0.061538
0 0.213511 0.078022 0.052728 0.063736
0 0.201208 0.168132 0.056243 0.072527
0 0.536031 0.081319 0.072062 0.057143
0 0.638850 0.079121 0.070304 0.061538
0 0.250421 0.270330 0.063274 0.074725
0 0.191541 0.285714 0.047455 0.065934
0 0.456060 0.463736 0.066789 0.061538
0 0.362028 0.567033 0.054486 0.057143
0 0.435848 0.591209 0.065031 0.065934
0 0.299634 0.606593 0.063274 0.061538
0 0.728488 0.393407 0.070304 0.057143
0 0.867338 0.464835 0.038667 0.094505
0 0.984639 0.476923 0.030721 0.048352
0 0.970158 0.547253 0.047455 0.039560
0 0.855914 0.573626 0.040425 0.074725
0 0.921824 0.630769 0.035152 0.092308
0 0.887551 0.631868 0.040425 0.094505
0 0.851520 0.662637 0.049213 0.085714
0 0.829550 0.834066 0.040425 0.090110
0 0.896339 0.803297 0.036910 0.081319
0 0.953461 0.982418 0.070304 0.035164
0 0.160783 0.975824 0.066789 0.048352
0 0.526364 0.823077 0.056243 0.076923
0 0.564152 0.874725 0.043940 0.087912
0 0.616002 0.920879 0.045698 0.074725
0 0.671366 0.969231 0.058001 0.057143