0 0.051812 0.034066 0.073819 0.046154
0 0.194178 0.035165 0.052728 0.057143
0 0.245148 0.032967 0.059758 0.065934
0 0.539546 0.078022 0.072062 0.041758
0 0.641487 0.079121 0.065031 0.052747
0 0.199451 0.163736 0.038667 0.072527
0 0.247785 0.260440 0.061516 0.076923
0 0.788246 0.350549 0.063274 0.050549
0 0.399817 0.485714 0.063274 0.065934
0 0.493848 0.551648 0.068546 0.057143
0 0.371695 0.564835 0.066789 0.057143
0 0.306664 0.606593 0.056243 0.061538
0 0.524606 0.813187 0.063274 0.079121
0 0.575577 0.879121 0.052728 0.096703
0 0.622153 0.923077 0.054486 0.074725
0 0.670487 0.964835 0.059758 0.057143
0 0.956518 0.983516 0.086964 0.032967
0 0.838338 0.836264 0.043940 0.112088
0 0.855914 0.669231 0.050970 0.098901
0 0.889308 0.627473 0.036910 0.090110
0 0.917430 0.630769 0.043940 0.074725
0 0.872611 0.458242 0.038667 0.107692
0 0.987276 0.476923 0.025448 0.039560
0 0.970158 0.561538 0.050970 0.054945
0 0.902490 0.806593 0.045698 0.092308
0 0.164299 0.971429 0.066789 0.052747
0 0.201208 0.284615 0.042182 0.076923