0 0.053570 0.030769 0.063274 0.043956
0 0.231966 0.035165 0.061516 0.070330
0 0.536910 0.081319 0.066789 0.039560
0 0.631820 0.072527 0.080850 0.048352
0 0.841853 0.326374 0.079092 0.081319
0 0.197693 0.163736 0.052728 0.072527
0 0.252179 0.271429 0.059758 0.090110
0 0.194178 0.296703 0.045698 0.065934
0 0.543061 0.523077 0.061516 0.070330
0 0.341816 0.528571 0.063274 0.059341
0 0.303149 0.604396 0.056243 0.048352
0 0.376968 0.563736 0.052728 0.072527
0 0.035994 0.789011 0.063274 0.052747
0 0.159026 0.970330 0.063274 0.050549
0 0.528122 0.816484 0.049213 0.085714
0 0.565031 0.870330 0.052728 0.065934
0 0.617759 0.926374 0.049213 0.094505
0 0.670487 0.964835 0.049213 0.065934
0 0.834823 0.839560 0.029879 0.087912
0 0.900733 0.815385 0.035152 0.079121
0 0.855914 0.674725 0.043940 0.101099
0 0.884914 0.626374 0.031637 0.092308
0 0.921824 0.629670 0.049213 0.103297
0 0.865581 0.465934 0.042182 0.105495
0 0.980245 0.478022 0.039509 0.054945
0 0.974973 0.552747 0.050054 0.046154
0 0.925339 0.390110 0.000000 0.002198
0 0.960912 0.979121 0.078176 0.041758