0 0.051812 0.031868 0.066789 0.046154
0 0.237239 0.038462 0.050970 0.076923
0 0.199451 0.169231 0.045698 0.074725
0 0.245148 0.265934 0.052728 0.083516
0 0.530758 0.081319 0.061516 0.048352
0 0.630062 0.078022 0.063274 0.054945
0 0.883157 0.289011 0.063274 0.063736
0 0.588759 0.484615 0.065031 0.068132
0 0.367301 0.558242 0.054486 0.074725
0 0.272391 0.564835 0.054486 0.057143
0 0.293482 0.615385 0.065031 0.052747
0 0.090479 0.767033 0.070304 0.048352
0 0.860308 0.456044 0.042182 0.076923
0 0.978488 0.481319 0.043024 0.048352
0 0.969279 0.554945 0.059758 0.046154
0 0.909521 0.631868 0.038667 0.094505
0 0.880520 0.614286 0.040425 0.076923
0 0.842732 0.656044 0.045698 0.076923
0 0.898975 0.803297 0.042182 0.085714
0 0.825156 0.839560 0.045698 0.087912
0 0.520212 0.826374 0.054486 0.070330
0 0.568546 0.879121 0.052728 0.079121
0 0.613365 0.931868 0.050970 0.096703
0 0.662578 0.967033 0.058001 0.057143
0 0.944673 0.982418 0.066789 0.035164
0 0.166056 0.975824 0.070304 0.048352