0 0.047418 0.037363 0.068546 0.061538
0 0.237239 0.036264 0.054486 0.068132
0 0.197693 0.167033 0.049213 0.079121
0 0.245148 0.270330 0.045698 0.083516
0 0.536031 0.085714 0.068546 0.043956
0 0.635335 0.076923 0.066789 0.048352
0 0.951703 0.253846 0.070304 0.068132
0 0.648517 0.443956 0.058001 0.061538
0 0.383998 0.537363 0.049213 0.085714
0 0.302270 0.608791 0.061516 0.065934
0 0.222299 0.598901 0.063274 0.059341
0 0.142329 0.747253 0.065031 0.070330
0 0.869096 0.454945 0.056243 0.087912
0 0.981582 0.476923 0.035152 0.057143
0 0.971457 0.552747 0.057085 0.037363
0 0.886672 0.608791 0.031637 0.092308
0 0.918309 0.628571 0.035152 0.087912
0 0.849762 0.656044 0.031637 0.094505
0 0.825156 0.837363 0.038667 0.074725
0 0.898096 0.805495 0.033394 0.085714
0 0.158147 0.972527 0.068546 0.054945
0 0.525485 0.817582 0.050970 0.087912
0 0.670487 0.963736 0.052728 0.063736
0 0.621274 0.920879 0.059758 0.065934
0 0.574698 0.872527 0.061516 0.074725
0 0.954339 0.973626 0.058001 0.052747
0 0.191541 0.290110 0.043940 0.052747