0 0.042230 0.500500 0.057432 0.054054
0 0.195946 0.437437 0.054054 0.066066
0 0.485130 0.062790 0.019195 0.073710
0 0.516610 0.086678 0.016124 0.075075
0 0.519682 0.014333 0.019195 0.028665
0 0.583410 0.252525 0.026873 0.109200
0 0.606828 0.429975 0.041462 0.065520
0 0.340397 0.479798 0.042998 0.050505
0 0.436374 0.557603 0.044533 0.072345
0 0.269502 0.596506 0.044533 0.043680
0 0.274109 0.642233 0.044533 0.034125
0 0.567508 0.988383 0.028450 0.023234
0 0.485716 0.891945 0.028450 0.075865
0 0.749763 0.472314 0.049787 0.036352
0 0.750652 0.522891 0.051565 0.036352
0 0.833333 0.470734 0.049787 0.033191
0 0.809329 0.517359 0.044452 0.034772
0 0.865339 0.514989 0.042674 0.039513
0 0.930239 0.517359 0.048009 0.041094
0 0.994458 0.472314 0.011083 0.030030