0 0.030405 0.454955 0.040541 0.033033
0 0.269939 0.594418 0.043720 0.037096
0 0.271430 0.640346 0.042727 0.033563
0 0.492183 0.012954 0.019873 0.025908
0 0.481253 0.092151 0.017886 0.075958
0 0.515534 0.068304 0.020866 0.077725
0 0.507088 0.202555 0.021860 0.077725
0 0.524974 0.414532 0.025835 0.074192
0 0.568694 0.673320 0.027822 0.072425
0 0.645204 0.714832 0.031797 0.063593
0 0.732148 0.646823 0.052663 0.047695
0 0.751524 0.472826 0.053657 0.035329
0 0.753511 0.524053 0.045707 0.038862
0 0.810148 0.468410 0.043720 0.040629
0 0.811142 0.515221 0.045707 0.042395
0 0.873741 0.472826 0.053657 0.035329
0 0.864799 0.517871 0.043720 0.037096
0 0.915971 0.516988 0.040739 0.042395
0 0.969131 0.520521 0.043720 0.038862
0 0.617382 0.830831 0.021860 0.077725
0 0.621853 0.969499 0.024841 0.058294
0 0.567700 0.982541 0.027822 0.034917