0 0.244932 0.461712 0.054899 0.056306
0 0.355258 0.432620 0.045397 0.050676
0 0.496199 0.285285 0.025338 0.097598
0 0.576436 0.073198 0.025338 0.082583
0 0.499894 0.525526 0.032728 0.086336
0 0.404878 0.709459 0.049620 0.067568
0 0.271326 0.590278 0.044341 0.035661
0 0.275021 0.639077 0.045397 0.043168
0 0.515203 0.746059 0.021115 0.076952
0 0.535790 0.967655 0.030617 0.064690
0 0.564823 0.977040 0.025338 0.045920
0 0.751337 0.467968 0.048564 0.033784
0 0.813626 0.465153 0.046453 0.031907
0 0.876443 0.467030 0.051731 0.031907
0 0.955624 0.461399 0.051731 0.031907
0 0.750282 0.517705 0.046453 0.043168
0 0.810459 0.506444 0.044341 0.035661
0 0.866413 0.513013 0.042230 0.041291
0 0.921840 0.510198 0.041174 0.039414
0 0.970932 0.508321 0.052787 0.043168
0 0.920256 0.556181 0.048564 0.045045