0 0.270436 0.590002 0.046701 0.038862
0 0.276398 0.638580 0.044714 0.051228
0 0.280869 0.684508 0.043720 0.033563
0 0.631624 0.756639 0.025835 0.070659
0 0.565547 0.975475 0.028816 0.049049
0 0.751524 0.467526 0.049682 0.038862
0 0.752517 0.515221 0.053657 0.045928
0 0.813626 0.463993 0.048688 0.038862
0 0.874238 0.463993 0.048688 0.038862
0 0.810148 0.506389 0.043720 0.038862
0 0.866786 0.509038 0.045707 0.040629
0 0.922927 0.506389 0.040739 0.031797
0 0.916965 0.551434 0.046701 0.033563
0 0.975093 0.513455 0.047695 0.045928
0 0.955220 0.458694 0.051669 0.049461