0 0.063767 0.674925 0.053209 0.040541
0 0.196368 0.688438 0.048142 0.043544
0 0.282095 0.589339 0.050676 0.040541
0 0.281250 0.634384 0.045608 0.043544
0 0.423142 0.730480 0.047297 0.058559
0 0.728322 0.466216 0.048986 0.040541
0 0.809403 0.466216 0.055743 0.031532
0 0.873170 0.463964 0.049831 0.036036
0 0.953407 0.462462 0.044764 0.027027
0 0.744369 0.518018 0.050676 0.030030
0 0.807714 0.509009 0.045608 0.036036
0 0.865991 0.511261 0.047297 0.040541
0 0.917511 0.506006 0.045608 0.042042
0 0.968609 0.503003 0.046453 0.030030
0 0.770130 0.647898 0.044764 0.037538
0 0.921312 0.551802 0.048142 0.034535
0 0.973677 0.554805 0.044764 0.049550
0 0.567005 0.976226 0.037162 0.047548