0 0.021959 0.575576 0.043918 0.060060
0 0.166385 0.514014 0.052365 0.063063
0 0.514358 0.059059 0.028716 0.096096
0 0.642736 0.434434 0.038851 0.060060
0 0.584459 0.698699 0.030405 0.078078
0 0.781250 0.470470 0.048986 0.054054
0 0.746622 0.508008 0.033784 0.057057
0 0.541948 0.779871 0.026873 0.079170
0 0.493192 0.932751 0.024570 0.081900
0 0.603373 0.967058 0.029945 0.065884
0 0.625640 0.786013 0.026873 0.085995
0 0.752713 0.640186 0.044533 0.038220
0 0.829494 0.502321 0.044533 0.040950
0 0.927774 0.494813 0.052211 0.031395
0 0.496903 0.014658 0.032577 0.029315