0 0.055283 0.496860 0.052211 0.040950
0 0.086763 0.576031 0.042998 0.035490
0 0.495623 0.018428 0.029945 0.036855
0 0.515587 0.058013 0.022267 0.083265
0 0.515971 0.667941 0.036855 0.079170
0 0.575092 0.624261 0.023034 0.070980
0 0.592752 0.860406 0.026106 0.081900
0 0.648802 0.701383 0.035319 0.077805
0 0.640740 0.436800 0.034552 0.051870
0 0.758216 0.464100 0.045301 0.035490
0 0.748874 0.504596 0.042998 0.038220
0 0.820281 0.501183 0.050676 0.034125
0 0.818745 0.637001 0.047604 0.035490
0 0.902053 0.490263 0.049908 0.045045
0 0.990761 0.500046 0.018478 0.038220