0 0.209835 0.571572 0.045045 0.050050
0 0.266141 0.574575 0.045045 0.056056
0 0.263889 0.641642 0.058559 0.054054
0 0.481794 0.090090 0.023649 0.080080
0 0.517830 0.056056 0.025901 0.092092
0 0.531344 0.301301 0.025901 0.098098
0 0.503191 0.420420 0.032658 0.088088
0 0.508258 0.681682 0.031532 0.098098
0 0.502628 0.892893 0.038288 0.092092
0 0.627628 0.412412 0.040541 0.068068
0 0.756006 0.455455 0.047297 0.034034
0 0.757695 0.495495 0.043919 0.042042
0 0.766704 0.536537 0.050676 0.040040
0 0.791479 0.629630 0.057432 0.050050
0 0.628191 0.945946 0.028153 0.082082
0 0.811749 0.447447 0.041667 0.038038
0 0.820195 0.496496 0.047297 0.036036
0 0.883258 0.489489 0.047297 0.038038
0 0.942380 0.493493 0.048423 0.042042