0 0.211149 0.575576 0.050676 0.054054
0 0.264358 0.632633 0.038851 0.030030
0 0.271115 0.575576 0.052365 0.048048
0 0.492680 0.017386 0.020448 0.034772
0 0.519352 0.032401 0.020448 0.064802
0 0.510017 0.194405 0.019559 0.075865
0 0.473566 0.297139 0.024893 0.075865
0 0.538466 0.440177 0.026671 0.083768
0 0.597143 0.371424 0.033784 0.075865
0 0.520241 0.729150 0.024004 0.079026
0 0.633594 0.774195 0.028450 0.074285
0 0.754653 0.452821 0.043563 0.039513
0 0.815552 0.448870 0.046230 0.034772
0 0.754653 0.497866 0.040007 0.041094
0 0.766210 0.537379 0.047119 0.034772
0 0.818220 0.490754 0.040896 0.033191
0 0.887565 0.481271 0.044452 0.036352
0 0.944909 0.487593 0.045341 0.033191
0 0.912459 0.616406 0.055121 0.041094