0 0.220533 0.600601 0.055180 0.052052
0 0.215465 0.646647 0.054054 0.036036
0 0.293168 0.601602 0.049550 0.030030
0 0.276839 0.651652 0.046171 0.050050
0 0.469970 0.354354 0.022523 0.076076
0 0.502628 0.178178 0.024775 0.104104
0 0.515578 0.032032 0.021396 0.064064
0 0.495308 0.443443 0.021396 0.074074
0 0.534722 0.505506 0.030405 0.078078
0 0.631006 0.442442 0.042793 0.064064
0 0.522335 0.715716 0.028153 0.074074
0 0.538664 0.961461 0.029279 0.077077
0 0.583709 0.977477 0.029279 0.045045
0 0.625375 0.869870 0.027027 0.078078
0 0.704767 0.645646 0.052928 0.042042
0 0.757132 0.491491 0.051802 0.050050
0 0.768956 0.543544 0.043919 0.050050
0 0.810623 0.485152 0.055180 0.042709
0 0.883258 0.484818 0.049550 0.038038
0 0.950263 0.484818 0.052928 0.042042
0 0.929429 0.525859 0.054054 0.036036
0 0.855668 0.580914 0.046171 0.034034