0 0.481732 0.025859 0.015015 0.051718
0 0.481263 0.124291 0.027215 0.078412
0 0.455925 0.159326 0.021584 0.068402
0 0.510354 0.826660 0.025338 0.075075
0 0.441379 0.644811 0.039414 0.081748
0 0.262763 0.677622 0.054429 0.048382
0 0.179242 0.708486 0.039414 0.036703
0 0.194257 0.756034 0.043168 0.051718
0 0.120589 0.783561 0.047860 0.046713
0 0.125282 0.731843 0.051614 0.043377
0 0.051614 0.758536 0.046922 0.056723
0 0.059122 0.815260 0.050676 0.060060
0 0.010323 0.846402 0.020646 0.043377
0 0.779999 0.538594 0.047860 0.038372