0 0.853941 0.560561 0.042568 0.040841
0 0.962387 0.597798 0.047297 0.050450
0 0.970496 0.651852 0.043243 0.040841
0 0.890766 0.621822 0.041892 0.043243
0 0.809685 0.597798 0.044595 0.043243
0 0.715428 0.580981 0.038514 0.040841
0 0.664414 0.516116 0.043243 0.028829
0 0.642117 0.560561 0.047297 0.040841
0 0.639752 0.612212 0.042568 0.033634
0 0.694144 0.719119 0.039189 0.045646
0 0.545496 0.492492 0.040541 0.038438
0 0.609347 0.505706 0.041216 0.038438
0 0.538739 0.535736 0.039189 0.040841
0 0.588401 0.547748 0.042568 0.038438
0 0.520833 0.590390 0.041216 0.032432
0 0.579617 0.598198 0.046622 0.036036
0 0.393806 0.631832 0.047973 0.026426
0 0.258333 0.029830 0.022973 0.059660
0 0.311036 0.065666 0.020270 0.079279
0 0.260698 0.131732 0.023649 0.086486
0 0.233333 0.162963 0.021622 0.072072
0 0.303941 0.330731 0.027703 0.069670
0 0.266104 0.492893 0.034459 0.067267
0 0.245495 0.659259 0.045946 0.044444
0 0.094482 0.518118 0.050676 0.048048
0 0.126239 0.633433 0.046622 0.050450
0 0.098874 0.707908 0.044595 0.040841
0 0.318806 0.975275 0.026351 0.049449