0 0.027325 0.742802 0.054650 0.083024
0 0.171403 0.620032 0.046701 0.063593
0 0.226550 0.587352 0.051669 0.058294
0 0.207671 0.651828 0.053657 0.045928
0 0.293621 0.561738 0.052663 0.052994
0 0.258843 0.627098 0.056638 0.049461
0 0.323430 0.651828 0.048688 0.042395
0 0.503776 0.704822 0.037758 0.074192
0 0.582273 0.662427 0.027822 0.077725
0 0.552464 0.815227 0.023847 0.075958
0 0.788288 0.434552 0.047695 0.045928
0 0.865792 0.446034 0.055644 0.040629
0 0.790772 0.487546 0.048688 0.038862
0 0.530439 0.861744 0.022854 0.079491