0 0.310870 0.565566 0.042674 0.030030
0 0.365102 0.567936 0.040896 0.031611
0 0.468231 0.418576 0.032006 0.052157
0 0.536243 0.560034 0.020448 0.056899
0 0.561137 0.466783 0.024004 0.066382
0 0.556692 0.746536 0.022226 0.069543
0 0.599366 0.906169 0.024004 0.066382
0 0.606923 0.976002 0.021337 0.047995
0 0.528242 0.080607 0.016892 0.056899
0 0.513573 0.236289 0.019559 0.067963
0 0.535354 0.356409 0.020448 0.058480
0 0.557136 0.338233 0.017781 0.060060
0 0.584697 0.349297 0.019559 0.063221
0 0.733760 0.453875 0.039118 0.033191
0 0.777323 0.453875 0.032006 0.030030
0 0.820442 0.453085 0.031117 0.028450
0 0.860005 0.453085 0.030228 0.031611
0 0.731537 0.491017 0.032895 0.028450
0 0.774212 0.489437 0.031117 0.031611
0 0.814663 0.490227 0.033784 0.033191
0 0.857782 0.486276 0.032895 0.031611
0 0.899567 0.483115 0.031117 0.031611
0 0.949354 0.479163 0.034673 0.026869
0 0.990013 0.478373 0.019974 0.028450
0 0.736427 0.527369 0.030228 0.031611
0 0.777323 0.527369 0.033784 0.031611
0 0.915126 0.516306 0.030228 0.028450
0 0.963134 0.511564 0.035562 0.034772
0 0.739983 0.601654 0.037340 0.028450