0 0.561980 0.416955 0.014293 0.041580
0 0.580496 0.420998 0.014943 0.040425
0 0.574974 0.481635 0.015593 0.041580
0 0.551910 0.534188 0.014943 0.040425
0 0.574324 0.524948 0.010395 0.035805
0 0.550286 0.597136 0.011694 0.046200
0 0.546388 0.653731 0.016892 0.048510
0 0.539241 0.717256 0.012994 0.060060
0 0.572375 0.574613 0.014293 0.045045
0 0.567827 0.628898 0.016892 0.042735
0 0.583745 0.684916 0.013643 0.050820
0 0.565878 0.680296 0.014293 0.050820
0 0.536642 0.790598 0.016892 0.054285
0 0.561331 0.770386 0.014293 0.064680
0 0.583745 0.755371 0.012344 0.050820
0 0.532095 0.859321 0.015593 0.057750
0 0.555808 0.846038 0.014943 0.051975
0 0.582121 0.840263 0.018191 0.056595