0 0.572447 0.017745 0.017404 0.035490
0 0.590875 0.026845 0.017404 0.048230
0 0.584477 0.085085 0.015868 0.048230
0 0.560162 0.150150 0.015356 0.043680
0 0.582173 0.138320 0.014333 0.041860
0 0.554532 0.212940 0.016380 0.045500
0 0.579102 0.188370 0.017404 0.040040
0 0.573727 0.244335 0.016892 0.042770
0 0.630033 0.276640 0.016892 0.041860
0 0.588827 0.303940 0.016380 0.052780
0 0.570144 0.302575 0.012797 0.051870
0 0.551205 0.273910 0.014844 0.054600
0 0.543526 0.338065 0.015868 0.055510
0 0.585244 0.374010 0.016380 0.050960
0 0.564257 0.389025 0.015356 0.051870
0 0.539176 0.408590 0.016380 0.050960
0 0.535081 0.474565 0.012285 0.053690
0 0.557091 0.456365 0.015356 0.044590
0 0.581661 0.456820 0.013309 0.052780
0 0.606487 0.518246 0.012797 0.046410
0 0.435009 0.799284 0.033272 0.036400
0 0.296632 0.801559 0.036343 0.033670
0 0.316851 0.896654 0.033784 0.030940
0 0.363943 0.902114 0.033784 0.034580
0 0.358313 0.944429 0.037879 0.033670
0 0.302774 0.940334 0.037367 0.034580
0 0.150491 0.940334 0.036855 0.030940
0 0.802109 0.801559 0.039926 0.028210
0 0.679515 0.972442 0.033272 0.055116