0 0.836510 0.801763 0.016459 0.034073
0 0.842790 0.781840 0.018624 0.033495
0 0.894548 0.755563 0.017325 0.034073
0 0.913606 0.806383 0.015593 0.017903
0 0.919020 0.820243 0.019491 0.020213
0 0.925517 0.836991 0.017758 0.019058
0 0.929198 0.735928 0.015593 0.036383
0 0.944574 0.758740 0.000433 0.000000
0 0.946090 0.725244 0.012994 0.031185
0 0.937644 0.734485 0.013427 0.027720
0 0.971645 0.717159 0.015593 0.027720
0 0.981823 0.711096 0.014293 0.030608
0 0.994485 0.700989 0.011030 0.027720
0 0.969912 0.779530 0.020790 0.018480
0 0.964282 0.815912 0.023389 0.015015
0 0.990053 0.820532 0.015159 0.012705
0 0.911657 0.862112 0.017758 0.013860
0 0.935262 0.865577 0.017325 0.015015
0 0.982040 0.860091 0.019058 0.013283
0 0.927466 0.905136 0.020790 0.017903
0 0.905593 0.969238 0.019491 0.019058
0 0.964498 0.939497 0.021223 0.015015
0 0.962982 0.984764 0.012128 0.030472
0 0.977925 0.978767 0.014293 0.032340
0 0.992103 0.886078 0.015794 0.019058
0 0.995784 0.902537 0.008431 0.021945