0 0.693434 0.456354 0.004331 0.013860
0 0.699714 0.396679 0.005631 0.006930
0 0.699931 0.405534 0.003465 0.009240
0 0.700580 0.414774 0.003032 0.007700
0 0.688236 0.514874 0.004331 0.013860
0 0.701663 0.531429 0.006930 0.011550
0 0.701663 0.585714 0.005198 0.013860
0 0.708810 0.510254 0.003898 0.012320
0 0.707727 0.522189 0.004331 0.011550
0 0.710109 0.533354 0.005631 0.006160
0 0.710326 0.543364 0.006930 0.012320
0 0.712058 0.578014 0.005198 0.009240
0 0.712491 0.588024 0.006064 0.009240
0 0.712275 0.597649 0.006497 0.011550
0 0.684338 0.718154 0.010395 0.023100
0 0.682606 0.767819 0.006930 0.025410
0 0.693867 0.767434 0.008663 0.023100