0 0.661224 0.899733 0.014640 0.035035
0 0.662350 0.822156 0.014640 0.036036
0 0.644613 0.785118 0.011824 0.032032
0 0.660098 0.722055 0.010135 0.028028
0 0.646021 0.700534 0.011261 0.033033
0 0.659253 0.683517 0.009572 0.027027
0 0.635323 0.591925 0.010135 0.028028
0 0.619557 0.591925 0.010135 0.030030
0 0.620683 0.565899 0.012387 0.030030
0 0.638701 0.289623 0.007883 0.018018
0 0.656719 0.265599 0.006757 0.018018
0 0.647429 0.252085 0.005068 0.013013
0 0.632508 0.229062 0.006757 0.013013
0 0.655875 0.231064 0.007320 0.017017
0 0.648555 0.205539 0.006194 0.018018
0 0.653622 0.179513 0.006194 0.022022
0 0.642924 0.125459 0.005068 0.018018
0 0.641517 0.114948 0.009009 0.013013
0 0.650244 0.108442 0.006194 0.012012
0 0.642080 0.092092 0.007883 0.008008
0 0.647429 0.086086 0.005068 0.008008
0 0.640390 0.074074 0.009009 0.014014
0 0.618431 0.993994 0.014640 0.012012