0 0.376675 0.452857 0.021656 0.012705
0 0.375809 0.467005 0.021656 0.014438
0 0.376891 0.479422 0.019491 0.011550
0 0.378840 0.492127 0.019058 0.010395
0 0.379274 0.507142 0.016459 0.010395
0 0.378624 0.521002 0.019491 0.012705
0 0.380356 0.534284 0.016892 0.011550
0 0.386420 0.549299 0.019491 0.016170
0 0.408293 0.237834 0.010395 0.027720
0 0.460918 0.316663 0.011694 0.028298
0 0.482357 0.374124 0.014726 0.030030
0 0.491670 0.627647 0.013427 0.026565
0 0.496434 0.787615 0.011694 0.032340
0 0.498383 0.821110 0.012128 0.027720
0 0.495784 0.969527 0.011261 0.030030
0 0.502714 0.902537 0.013860 0.035805
0 0.591288 0.053419 0.014293 0.013860
0 0.611862 0.054863 0.017325 0.015593
0 0.633735 0.051975 0.016892 0.014438
0 0.652576 0.051975 0.019058 0.019058
0 0.623773 0.127916 0.022089 0.015015
0 0.684844 0.053708 0.029019 0.019058
0 0.924218 0.032340 0.018624 0.013283
0 0.930931 0.053708 0.019058 0.013283
0 0.927683 0.142643 0.022089 0.015593