0 0.133042 0.572881 0.024688 0.024833
0 0.065907 0.632652 0.016892 0.026565
0 0.126328 0.062081 0.011261 0.028875
0 0.118532 0.047066 0.012994 0.025410
0 0.112901 0.025988 0.015593 0.025988
0 0.198877 0.023966 0.016892 0.021945
0 0.239374 0.031763 0.015593 0.022523
0 0.245871 0.047066 0.016459 0.024255
0 0.265795 0.092978 0.011261 0.024833
0 0.283120 0.129360 0.016459 0.025988
0 0.269260 0.258143 0.019924 0.023678
0 0.382522 0.504543 0.019491 0.027143
0 0.483440 0.794545 0.017758 0.027720
0 0.471529 0.783861 0.015593 0.031763
0 0.466548 0.772600 0.016026 0.032340
0 0.434497 0.714849 0.015159 0.030030
0 0.441860 0.725822 0.017758 0.023100
0 0.448140 0.735928 0.019924 0.017903
0 0.454637 0.747190 0.016459 0.023100
0 0.604282 0.783861 0.019491 0.023678
0 0.673366 0.913510 0.018191 0.027720
0 0.693939 0.944406 0.019491 0.028298
0 0.472468 0.220605 0.013427 0.022523
0 0.492391 0.203569 0.018624 0.025410
0 0.510799 0.187110 0.014726 0.022523
0 0.529424 0.176138 0.018191 0.025988
0 0.559742 0.153326 0.019924 0.033495
0 0.579017 0.109725 0.000433 0.000578
0 0.488926 0.315027 0.015159 0.020790
0 0.560392 0.701952 0.019491 0.030030
0 0.541118 0.667302 0.017325 0.026565
0 0.719205 0.055729 0.020357 0.015015
0 0.739345 0.020501 0.015593 0.018480
0 0.766632 0.020213 0.018191 0.020213
0 0.735664 0.093844 0.016026 0.017325
0 0.746059 0.051109 0.014293 0.018480
0 0.768148 0.051686 0.000433 0.001155
0 0.803015 0.087203 0.019058 0.019058
0 0.149284 0.119831 0.012128 0.024255
0 0.158596 0.136579 0.014293 0.034650