0 0.170930 0.482387 0.036197 0.025740
0 0.207529 0.517422 0.035393 0.027170
0 0.246139 0.482387 0.040219 0.042900
0 0.357947 0.350827 0.033784 0.025740
0 0.324163 0.482387 0.037001 0.031460
0 0.351914 0.517422 0.032979 0.032890
0 0.408623 0.483102 0.033784 0.027170
0 0.432352 0.578197 0.029762 0.057200
0 0.454070 0.714762 0.020109 0.072930
0 0.511583 0.287430 0.035393 0.028600
0 0.483430 0.321750 0.030566 0.022880
0 0.497104 0.354640 0.028958 0.042900
0 0.486245 0.466180 0.031371 0.031460
0 0.542149 0.534106 0.028958 0.044330
0 0.520431 0.609896 0.019305 0.052910
0 0.489865 0.685686 0.027349 0.061490
0 0.494289 0.778636 0.018501 0.067210
0 0.498311 0.859431 0.023327 0.068640
0 0.501931 0.954526 0.025740 0.081510
0 0.564270 0.446875 0.045849 0.044330
0 0.827435 0.437104 0.035393 0.040040
0 0.872077 0.441394 0.029762 0.031460
0 0.780781 0.499070 0.041828 0.031460