0 0.041733 0.312077 0.039746 0.031797
0 0.137619 0.471943 0.038752 0.040629
0 0.173390 0.498440 0.046701 0.022964
0 0.274245 0.464877 0.031797 0.033563
0 0.359201 0.469293 0.028816 0.042395
0 0.318959 0.500206 0.041733 0.044162
0 0.396959 0.518754 0.036765 0.045928
0 0.492349 0.338574 0.036765 0.042395
0 0.526630 0.441029 0.037758 0.035329
0 0.444157 0.601778 0.023847 0.049461
0 0.442667 0.753695 0.020866 0.067126
0 0.488871 0.667138 0.023847 0.060060
0 0.489865 0.757228 0.025835 0.067126
0 0.497317 0.844668 0.026828 0.058294
0 0.499304 0.948301 0.024841 0.086557
0 0.693892 0.460166 0.039746 0.037096
0 0.723702 0.423953 0.037758 0.024731
0 0.813129 0.302950 0.045707 0.030030
0 0.809652 0.457516 0.034777 0.035329
0 0.866289 0.420420 0.034777 0.031797
0 0.824556 0.425720 0.040739 0.042395
0 0.547827 0.507566 0.033784 0.045928