0 0.350929 0.483483 0.038007 0.027027
0 0.341216 0.520270 0.032095 0.031532
0 0.438345 0.479730 0.042230 0.028529
0 0.424409 0.593093 0.029561 0.060060
0 0.527027 0.533784 0.027027 0.046547
0 0.557432 0.473724 0.037162 0.028529
0 0.681588 0.437688 0.038851 0.028529
0 0.456081 0.736236 0.020270 0.069069
0 0.486486 0.722723 0.020270 0.060060
0 0.486486 0.813564 0.016892 0.064565
0 0.493666 0.958458 0.021115 0.078078
0 0.749155 0.433684 0.035473 0.037538
0 0.844876 0.425676 0.032095 0.028529
0 0.901886 0.419670 0.034628 0.025526
0 0.139780 0.497998 0.044764 0.036036