0 0.080002 0.327202 0.039414 0.041291
0 0.128918 0.306557 0.040118 0.035035
0 0.297133 0.305305 0.031672 0.042543
0 0.383704 0.334084 0.028857 0.035035
0 0.450920 0.383509 0.026745 0.051301
0 0.186632 0.479855 0.035895 0.026276
0 0.229214 0.479229 0.038007 0.030030
0 0.273203 0.473599 0.035895 0.028779
0 0.321063 0.471722 0.035895 0.030030
0 0.370331 0.476101 0.034488 0.026276
0 0.207747 0.516767 0.041526 0.035035
0 0.258071 0.518644 0.039414 0.031281
0 0.301356 0.511136 0.033080 0.038789
0 0.349920 0.509885 0.031672 0.031281
0 0.383704 0.519269 0.028857 0.040040
0 0.423470 0.549299 0.018300 0.057558
0 0.843656 0.290499 0.039414 0.036286
0 0.491038 0.694027 0.021115 0.067568
0 0.492094 0.788497 0.020411 0.066316