0 0.429955 0.563363 0.033784 0.057658
0 0.447185 0.705105 0.019595 0.072072
0 0.493131 0.694294 0.022297 0.064865
0 0.490766 0.775375 0.025676 0.070871
0 0.500563 0.893694 0.023649 0.079279
0 0.158446 0.511912 0.037162 0.042042
0 0.219932 0.512513 0.042568 0.036036
0 0.772635 0.450851 0.042568 0.038438
0 0.776689 0.399199 0.000676 0.000000
0 0.908446 0.424424 0.031757 0.043243
0 0.577815 0.312713 0.037162 0.038438
0 0.445946 0.954955 0.040541 0.090090
0 0.274337 0.497164 0.056306 0.050050
0 0.363488 0.493827 0.056306 0.050050