0 0.491474 0.282068 0.028958 0.030030
0 0.569599 0.287967 0.028354 0.028958
0 0.568090 0.316388 0.037403 0.030030
0 0.610320 0.286894 0.027751 0.031103
0 0.662504 0.289575 0.035594 0.032175
0 0.406411 0.381274 0.030164 0.026813
0 0.505349 0.554483 0.018098 0.051480
0 0.366896 0.473509 0.035594 0.028958
0 0.401283 0.521772 0.028354 0.037538
0 0.446227 0.625804 0.025338 0.056843
0 0.656471 0.475118 0.039213 0.032175
0 0.458896 0.790791 0.019305 0.066495
0 0.135839 0.353568 0.030767 0.030030
0 0.308679 0.328900 0.033784 0.032175
0 0.314109 0.475833 0.028958 0.030030
0 0.258305 0.477978 0.039213 0.021450
0 0.215171 0.486558 0.038610 0.038610
0 0.171734 0.479050 0.036197 0.034320
0 0.123170 0.483340 0.044040 0.040755
0 0.067668 0.481732 0.042833 0.031103
0 0.703125 0.290648 0.036800 0.025740
0 0.749578 0.260618 0.034387 0.025740
0 0.743847 0.432754 0.036197 0.033248
0 0.461812 0.408087 0.038007 0.067568
0 0.496803 0.402724 0.001810 0.003218