0 0.565367 0.319410 0.035319 0.024570
0 0.657504 0.294840 0.035319 0.030030
0 0.704725 0.272318 0.037623 0.023205
0 0.702421 0.295523 0.031480 0.034125
0 0.335023 0.322140 0.039926 0.035490
0 0.533886 0.473655 0.036855 0.032760
0 0.625256 0.468878 0.032248 0.034125
0 0.705492 0.499590 0.034552 0.040950
0 0.514691 0.597188 0.018428 0.055965
0 0.426008 0.477750 0.031480 0.030030
0 0.331951 0.481845 0.032248 0.032760
0 0.326960 0.515288 0.039158 0.023205
0 0.450578 0.660661 0.026873 0.062790
0 0.445588 0.817636 0.019963 0.070980
0 0.189650 0.353080 0.038391 0.030030
0 0.114404 0.357175 0.035319 0.030030
0 0.096744 0.492993 0.042998 0.034125
0 0.186963 0.487533 0.042230 0.031395
0 0.224585 0.516881 0.033016 0.024570
0 0.842405 0.426816 0.033784 0.028362
0 0.906688 0.428484 0.040353 0.028362
0 0.855074 0.465187 0.045983 0.038372